1000 9.53674316406e-07
3000 1.90734863281e-06
5000 1.90734863281e-06
7000 9.53674316406e-07
9000 2.14576721191e-06
11000 9.53674316406e-07
13000 2.14576721191e-06
15000 1.90734863281e-06
17000 3.09944152832e-06
19000 1.90734863281e-06
21000 9.53674316406e-07
23000 9.53674316406e-07
25000 9.53674316406e-07
27000 1.19209289551e-06
29000 9.53674316406e-07
31000 9.53674316406e-07
33000 9.53674316406e-07
35000 4.05311584473e-06
37000 2.86102294922e-06
39000 2.86102294922e-06
41000 3.09944152832e-06
43000 3.09944152832e-06
45000 5.00679016113e-06
47000 2.86102294922e-06
49000 3.81469726562e-06
51000 2.14576721191e-06
53000 2.14576721191e-06
55000 2.86102294922e-06
57000 3.09944152832e-06
59000 3.09944152832e-06
61000 2.86102294922e-06
63000 3.09944152832e-06
65000 3.09944152832e-06
67000 3.09944152832e-06
69000 3.09944152832e-06
71000 3.09944152832e-06
73000 3.09944152832e-06
75000 2.86102294922e-06
77000 3.09944152832e-06
79000 2.86102294922e-06
81000 2.86102294922e-06
83000 3.09944152832e-06
85000 2.86102294922e-06
87000 3.09944152832e-06
89000 2.86102294922e-06
91000 1.90734863281e-06
93000 3.09944152832e-06
95000 3.09944152832e-06
97000 3.09944152832e-06
99000 3.09944152832e-06
