100 2.8133392334e-05
150 3.60012054443e-05
200 4.00543212891e-05
250 4.88758087158e-05
300 5.69820404053e-05
350 6.69956207275e-05
400 8.51154327393e-05
450 8.48770141602e-05
500 0.000103950500488
550 0.000171899795532
600 0.000133991241455
650 0.000142097473145
700 0.000150918960571
750 0.000158071517944
800 0.000162124633789
850 0.000380039215088
900 0.000322818756104
950 0.000235080718994
1000 0.000207901000977
1050 0.000203132629395
1100 0.000234127044678
1150 0.000223875045776
1200 0.000268936157227
1250 0.00026798248291
1300 0.000261783599854
1350 0.000269889831543
1400 0.000324010848999
1450 0.00029993057251
1500 0.000329971313477
1550 0.000300884246826
1600 0.000318050384521
1650 0.000315189361572
1700 0.000355005264282
1750 0.000360012054443
1800 0.000355005264282
1850 0.000346899032593
1900 0.000341892242432
1950 0.000458955764771
